eval_accuracy = 0.875803
eval_loss = 0.88003385
f1 = 1.0
global_step = 1403
loss = 0.88003385
