eval_accuracy = 0.8522484
eval_loss = 0.79642415
f1 = 1.0
global_step = 1403
loss = 0.79642415
