eval_accuracy = 0.8787554
eval_loss = 0.41565925
global_step = 1403
loss = 0.41565925
precision = 1.0
recall = 0.8787554
