eval_accuracy = 0.8787554
eval_loss = 0.39823273
global_step = 1403
loss = 0.39823273
precision = 1.0
recall = 0.8787554
