eval_accuracy = 0.86212444
eval_loss = 0.51910084
global_step = 701
loss = 0.51910084
precision = 1.0
recall = 0.86212444
