eval_accuracy = 0.7988197
eval_loss = 0.51480865
global_step = 11721
loss = 0.51480865
precision = 1.0
recall = 0.7988197
