eval_accuracy = 0.87607294
eval_loss = 1.811894
global_step = 1403
loss = 1.811894
precision = 1.0
recall = 0.87607294
