eval_accuracy = 0.8809013
eval_loss = 0.46227175
global_step = 1403
loss = 0.46227175
precision = 1.0
recall = 0.8809013
